function fVal =FitDFun(a,u)
u     = [0 5 10	15	20	25	30	35	40	45	50	55	60	65	70	75];%100
dData = [0 1.5704212005	1.1365167475	4.545552178	8.7406190878	9.8581219326...
        10.2900341153	12.6333239455	20.0360763966	22.3129622161	22.5107680397...
        22.7887958612	20.4006799168	21.1679155925	22.757261652	26.9902966182	%26.4974599239
]./100;
fVal = sum(((a(3).*(1-exp(-a(2).*(1-exp(-a(1).*u))))+a(4).*(1-exp(-a(1).*u)))./...
    (1+a(3).*(1-exp(-a(2).*(1-exp(-a(1).*u))))+a(4).*(1-exp(-a(1).*u))) -dData).^2);
